Generation	Freq_c	Freq_CC	Freq_Cc	Freq_cc
0	0.06	0.8847483672685363	0.11525163273146369	0
1	0.057625816365731844	0.8890507925471719	0.11094920745282809	0
2	0.055474603726414044	0.8929665157875103	0.1070334842124897	0
3	0.05351674210624485	0.8965447311325434	0.10345526886745669	0
4	0.051727634433728346	0.8998266298307113	0.10017337016928872	0
5	0.05008668508464436	0.9028469640972209	0.09715303590277906	0
6	0.04857651795138953	0.9056352580511263	0.09436474194887366	0
7	0.04718237097443683	0.9082167552803649	0.09178324471963502	0
8	0.04589162235981751	0.9106131675259209	0.08938683247407908	0
9	0.04469341623703954	0.9128432715385382	0.08715672846146183	0
10	0.043578364230730915	0.9149233888546009	0.08507661114539915	0
11	0.042538305572699574	0.9168677744375443	0.08313222556245566	0
12	0.04156611278122783	0.9186889337614006	0.08131106623859942	0
13	0.04065553311929971	0.9203978832501708	0.0796021167498292	0
14	0.0398010583749146	0.9220043655371628	0.0779956344628372	0
15	0.0389978172314186	0.9235170284312724	0.07648297156872766	0
16	0.03824148578436383	0.9249435745339855	0.07505642546601451	0
17	0.03752821273300726	0.9262908869729655	0.07370911302703459	0
18	0.036854556513517295	0.9275651355848816	0.07243486441511829	0
19	0.036217432207559144	0.9287718670045668	0.07122813299543318	0
20	0.03561406649771659	0.9299160814361661	0.07008391856383386	0
21	0.03504195928191693	0.9310022983479981	0.06899770165200189	0
22	0.034498850826000946	0.9320346129117321	0.0679653870882679	0
23	0.03398269354413395	0.9330167446723351	0.06698325532766491	0
24	0.03349162766383246	0.933952079668532	0.06604792033146804	0
25	0.03302396016573402	0.9348437070094728	0.0651562929905272	0
26	0.0325781464952636	0.9356944507406005	0.06430554925939946	0
27	0.03215277462969973	0.9365068976916753	0.06349310230832472	0
28	0.03174655115416236	0.9372834218858139	0.0627165781141861	0
29	0.03135828905709305	0.9380262059950147	0.06197379400498527	0
30	0.030986897002492634	0.9387372602508629	0.06126273974913705	0
31	0.030631369874568524	0.9394184391557331	0.06058156084426698	0
32	0.03029078042213349	0.9400714562872713	0.05992854371272866	0
33	0.02996427185636433	0.9406978974452331	0.059302102554766874	0
34	0.029651051277383437	0.9412992323532441	0.05870076764675595	0
35	0.029350383823377974	0.9418768250974646	0.058123174902535456	0
36	0.029061587451267728	0.9424319434584074	0.05756805654159263	0
37	0.028784028270796316	0.9429657672704527	0.057034232729547295	0
38	0.028517116364773647	0.9434793959252329	0.05652060407476705	0
39	0.028260302037383524	0.9439738551194627	0.056026144880537324	0
40	0.028013072440268662	0.9444501029345088	0.055549897065491176	0
41	0.027774948532745588	0.9449090353236569	0.05509096467634321	0
42	0.027545482338171605	0.9453514910733194	0.05464850892668058	0
43	0.02732425446334029	0.9457782562961011	0.05422174370389898	0
44	0.02711087185194949	0.9461900685064555	0.05380993149354453	0
45	0.026904965746772265	0.9465876203234883	0.05341237967651162	0
46	0.02670618983825581	0.9469715628401011	0.05302843715989896	0
47	0.02651421857994948	0.947342508693034	0.0526574913069659	0
48	0.02632874565348295	0.947701034864338	0.052298965135661984	0
49	0.026149482567830992	0.9480476852412879	0.05195231475871199	0
50	0.025976157379355994	0.9483829729586989	0.05161702704130111	0
51	0.025808513520650556	0.9487073825449183	0.05129261745508173	0
52	0.025646308727540864	0.9490213718904315	0.05097862810956852	0
53	0.02548931405478426	0.9493253740559531	0.050674625944047	0
54	0.0253373129720235	0.9496197989350695	0.050380201064930484	0
55	0.025190100532465242	0.949905034784905	0.050094965215095016	0
56	0.025047482607547508	0.9501814496368711	0.04981855036312882	0
57	0.02490927518156441	0.9504493925983233	0.04955060740167669	0
58	0.024775303700838344	0.9507091950548388	0.049290804945161255	0
59	0.024645402472580628	0.9509611717818601	0.04903882821813986	0
60	0.02451941410906993	0.9512056219735765	0.04879437802642346	0
61	0.02439718901321173	0.9514428301961437	0.048557169803856264	0
62	0.024278584901928132	0.9516730672716577	0.04832693272834239	0
63	0.024163466364171195	0.9518965910986801	0.04810340890131999	0
64	0.024051704450659996	0.9521136474145683	0.04788635258543162	0
65	0.02394317629271581	0.9523244705043695	0.04767552949563054	0
66	0.02383776474781527	0.9525292838605977	0.04747071613940237	0
67	0.023735358069701184	0.9527283007978234	0.04727169920217649	0
68	0.023635849601088246	0.9529217250256444	0.047078274974355606	0
69	0.023539137487177803	0.9531097511832888	0.0468902488167112	0
70	0.0234451244083556	0.9532925653388202	0.04670743466117977	0
71	0.023353717330589885	0.9534703454556464	0.04652965454435363	0
72	0.023264827272176814	0.9536432618288059	0.04635673817119406	0
73	0.02317836908559703	0.9538114774932942	0.04618852250670576	0
74	0.02309426125335288	0.953975148606497	0.04602485139350295	0
75	0.023012425696751476	0.9541344248066294	0.04586557519337063	0
76	0.022932787596685315	0.9542894495489184	0.0457105504510816	0
77	0.0228552752255408	0.9544403604211276	0.04555963957887245	0
78	0.022779819789436224	0.9545872894398887	0.045412710560111334	0
79	0.022706355280055667	0.9547303633291918	0.04526963667080817	0
80	0.022634818335404084	0.9548697037822748	0.04513029621772526	0
81	0.02256514810886263	0.9550054277080559	0.04499457229194425	0
82	0.022497286145972125	0.9551376474631657	0.044862352536834245	0
83	0.022431176268417122	0.9552664710705521	0.04473352892944793	0
84	0.022366764464723965	0.9553920024255536	0.044607997574446424	0
85	0.022303998787223212	0.9555143414902778	0.0444856585097222	0
86	0.0222428292548611	0.9556335844770485	0.04436641552295145	0
87	0.022183207761475726	0.9557498240216354	0.04425017597836463	0
88	0.022125087989182314	0.9558631493469238	0.044136850653076154	0
89	0.022068425326538077	0.9559736464176374	0.044026353582362635	0
90	0.022013176791181317	0.9560813980866771	0.043918601913322815	0
91	0.021959300956661407	0.9561864842336066	0.04381351576639335	0
92	0.021906757883196674	0.9562889818957682	0.0437110181042318	0
93	0.0218555090521159	0.9563889653924873	0.04361103460751269	0
94	0.021805517303756346	0.956486506442786	0.04351349355721408	0
95	0.02175674677860704	0.9565816742769985	0.04341832572300156	0
96	0.02170916286150078	0.9566745357426567	0.04332546425734338	0
97	0.02166273212867169	0.9567651554049846	0.043234844595015386	0
98	0.021617422297507693	0.9568535956423223	0.043146404357677616	0
99	0.021573202178838808	0.9569399167367745	0.04306008326322543	0
100	0.021530041631612713	0.957024176960362	0.04297582303963804	0
101	0.02148791151981902	0.9571064326569346	0.04289356734306542	0
102	0.02144678367153271	0.9571867383200886	0.04281326167991143	0
103	0.021406630839955716	0.9572651466673131	0.04273485333268684	0
104	0.02136742666634342	0.9573417087105797	0.04265829128942028	0
105	0.02132914564471014	0.9574164738235712	0.04258352617642883	0
106	0.021291763088214417	0.9574894898057376	0.04251051019426242	0
107	0.02125525509713121	0.9575608029433522	0.04243919705664779	0
108	0.021219598528323894	0.9576304580677312	0.042369541932268794	0
109	0.021184770966134397	0.9576984986107702	0.04230150138922985	0
110	0.021150750694614924	0.9577649666579415	0.042235033342058456	0
111	0.021117516671029228	0.957829902998888	0.042170097001112	0
112	0.021085048500556	0.9578933471757384	0.0421066528242617	0
113	0.02105332641213085	0.9579553375292655	0.04204466247073447	0
114	0.021022331235367234	0.9580159112429996	0.041984088757000465	0
115	0.020992044378500233	0.9580751043853993	0.04192489561460068	0
116	0.02096244780730034	0.9581329519501849	0.0418670480498152	0
117	0.0209335240249076	0.9581894878949214	0.04181051210507851	0
118	0.020905256052539255	0.9582447451779463	0.041755254822053646	0
119	0.020877627411026823	0.958298755793718	0.04170124420628199	0
120	0.020850622103140995	0.9583515508066696	0.041648449193330356	0
121	0.020824224596665178	0.9584031603836386	0.04159683961636137	0
122	0.020798419808180684	0.9584536138249428	0.041546386175057244	0
123	0.020773193087528622	0.9585029395941688	0.0414970604058312	0
124	0.0207485302029156	0.958551165346736	0.041448834653263995	0
125	0.020724417326631998	0.958598317957293	0.041401682042707	0
126	0.0207008410213535	0.9586444235460041	0.0413555764539959	0
127	0.02067778822699795	0.9586895075037773	0.04131049249622268	0
128	0.02065524624811134	0.9587335945164841	0.04126640548351584	0
129	0.02063320274175792	0.9587767085882181	0.04122329141178198	0
130	0.02061164570589099	0.9588188730636361	0.04118112693636397	0
131	0.020590563468181985	0.9588601106494264	0.041139889350573534	0
132	0.020569944675286767	0.9589004434349419	0.0410995565650582	0
133	0.0205497782825291	0.9589398929120354	0.04106010708796463	0
134	0.020530053543982314	0.9589784799941375	0.04102152000586246	0
135	0.02051076000293123	0.9590162250346056	0.040983774965394425	0
136	0.020491887482697212	0.9590531478443797	0.04094685215562035	0
137	0.020473426077810174	0.9590892677089755	0.04091073229102448	0
138	0.02045536614551224	0.9591246034048433	0.040875396595156724	0
139	0.020437698297578362	0.9591591732151198	0.040840826784880234	0
140	0.020420413392440117	0.959192994944801	0.040807005055198964	0
141	0.020403502527599482	0.9592260859353597	0.0407739140646402	0
142	0.0203869570323201	0.9592584630788319	0.04074153692116817	0
143	0.020370768460584086	0.9592901428313937	0.04070985716860626	0
144	0.02035492858430313	0.9593211412264538	0.04067885877354617	0
145	0.020339429386773085	0.9593514738872764	0.04064852611272357	0
146	0.020324263056361785	0.9593811560391592	0.04061884396084084	0
147	0.02030942198042042	0.9594102025211819	0.040589797478818135	0
148	0.020294898739409067	0.9594386277975446	0.04056137220245532	0
149	0.02028068610122766	0.9594664459685123	0.04053355403148772	0
150	0.02026677701574386	0.9594936707809802	0.04050632921901977	0
151	0.020253164609509884	0.9595203156386789	0.040479684361321135	0
152	0.020239842180660567	0.9595463936120292	0.04045360638797084	0
153	0.02022680319398542	0.9595719174476647	0.04042808255233534	0
154	0.02021404127616767	0.9595968995776326	0.040403100422367354	0
155	0.020201550211183677	0.9596213521282873	0.0403786478717127	0
156	0.02018932393585635	0.9596452869288868	0.040354713071113095	0
157	0.020177356535556547	0.9596687155199066	0.04033128448009332	0
158	0.02016564224004666	0.9596916491610783	0.0403083508389217	0
159	0.02015417541946085	0.9597140988391667	0.040285901160833346	0
160	0.020142950580416673	0.9597360752754939	0.040263924724506135	0
161	0.020131962362253068	0.9597575889332202	0.04024241106677975	0
162	0.020121205533389874	0.9597786500243914	0.0402213499756085	0
163	0.02011067498780425	0.9597992685167608	0.040200731483239244	0
164	0.020100365741619622	0.9598194541403942	0.04018054585960584	0
165	0.02009027292980292	0.9598392163940678	0.0401607836059322	0
166	0.0200803918029661	0.9598585645514639	0.040141435448536045	0
167	0.020070717724268022	0.9598775076671738	0.040122492332826186	0
168	0.020061246166413093	0.959896054582514	0.04010394541748604	0
169	0.02005197270874302	0.9599142139311633	0.04008578606883674	0
170	0.02004289303441837	0.9599319941446267	0.040068005855373276	0
171	0.020034002927686638	0.9599494034575325	0.04005059654246749	0
172	0.020025298271233744	0.9599664499127681	0.04003355008723186	0
173	0.02001677504361593	0.9599831413664616	0.04001685863353852	0
174	0.02000842931676926	0.9599994854928122	0.040000514507187786	0
175	0.020000257253593893	0.9600154897887788	0.03998451021122116	0
176	0.01999225510561058	0.9600311615786263	0.03996883842137369	0
177	0.019984419210686846	0.9600465080183392	0.03995349198166074	0
178	0.01997674599083037	0.9600615360999054	0.03993846390009457	0
179	0.019969231950047284	0.9600762526554736	0.0399237473445264	0
180	0.0199618736722632	0.9600906643613905	0.039909335638609475	0
181	0.019954667819304737	0.9601047777421209	0.03989522225787909	0
182	0.019947611128939544	0.9601185991740544	0.0398814008259456	0
183	0.0199407004129728	0.9601321348892032	0.03986786511079674	0
184	0.01993393255539837	0.9601453909787946	0.039854609021205356	0
185	0.019927304510602678	0.9601583733967608	0.039841626603239255	0
186	0.019920813301619628	0.9601710879631303	0.039828912036869675	0
187	0.019914456018434838	0.9601835403673248	0.03981645963267519	0
188	0.019908229816337594	0.9601957361713622	0.03980426382863787	0
189	0.019902131914318937	0.9602076808129713	0.039792319187028774	0
190	0.019896159593514387	0.9602193796086202	0.039780620391379744	0
191	0.019890310195689872	0.9602308377564611	0.03976916224353888	0
192	0.01988458112176944	0.960242060339193	0.039757939660806894	0
193	0.019878969830403447	0.9602530523268482	0.039746947673151824	0
194	0.019873473836575912	0.9602638185795004	0.03973618142049957	0
195	0.019868090710249784	0.9602743638499021	0.03972563615009796	0
196	0.01986281807504898	0.9602846927860481	0.039715307213951875	0
197	0.019857653606975938	0.9602948099336727	0.03970519006632743	0
198	0.019852595033163715	0.9603047197386773	0.03969528026132279	0
199	0.019847640130661395	0.9603144265494962	0.039685573450503844	0
200	0.019842786725251922	0.9603239346193974	0.03967606538060256	0
201	0.01983803269030128	0.9603332481087239	0.039666751891276136	0
202	0.019833375945638068	0.9603423710870749	0.03965762891292514	0
203	0.01982881445646257	0.9603513075354312	0.03964869246456881	0
204	0.019824346232284407	0.9603600613482242	0.03963993865177583	0
205	0.019819969325887914	0.9603686363353512	0.039631363664648825	0
206	0.019815681832324412	0.9603770362241388	0.03962296377586114	0
207	0.01981148188793057	0.9603852646612558	0.03961473533874416	0
208	0.01980736766937208	0.9603933252145762	0.039606674785423776	0
209	0.019803337392711888	0.9604012213749954	0.03959877862500459	0
210	0.019799389312502295	0.9604089565581997	0.03959104344180035	0
211	0.019795521720900176	0.9604165341063907	0.03958346589360938	0
212	0.01979173294680469	0.9604239572899664	0.039576042710033565	0
213	0.019788021355016783	0.9604312293091603	0.039568770690839826	0
214	0.019784385345419913	0.9604383532956373	0.03956164670436264	0
215	0.01978082335218132	0.9604453323140534	0.03955466768594663	0
216	0.019777333842973314	0.9604521693635721	0.039547830636427944	0
217	0.019773915318213972	0.9604588673793466	0.039541132620653396	0
218	0.019770566310326698	0.9604654292339637	0.03953457076603629	0
219	0.019767285383018144	0.9604718577388521	0.03952814226114786	0
220	0.01976407113057393	0.9604781556456565	0.039521844354343395	0
221	0.019760922177171698	0.960484325647578	0.03951567435242204	0
222	0.01975783717621102	0.9604903703806807	0.03950962961931929	0
223	0.019754814809659644	0.9604962924251685	0.03950370757483146	0
224	0.01975185378741573	0.9605020943066289	0.039497905693370985	0
225	0.019748952846685493	0.960507778497248	0.03949222150275195	0
226	0.019746110751375976	0.9605133474169951	0.03948665258300483	0
227	0.019743326291502414	0.9605188034347801	0.039481196565219825	0
228	0.019740598282609913	0.960524148869582	0.03947585113041789	0
229	0.019737925565208946	0.9605293859915512	0.03947061400844877	0
230	0.019735307004224385	0.9605345170230847	0.03946548297691528	0
231	0.01973274148845764	0.9605395441398769	0.03946045586012315	0
232	0.019730227930061576	0.9605444694719442	0.03945553052805583	0
233	0.019727765264027915	0.9605492951046266	0.03945070489537341	0
234	0.019725352447686705	0.9605540230795647	0.039445976920435236	0
235	0.019722988460217618	0.9605586553956545	0.03944134460434543	0
236	0.019720672302172716	0.9605631940099792	0.039436805990020814	0
237	0.019718402995010407	0.9605676408387195	0.03943235916128058	0
238	0.01971617958064029	0.9605719977580427	0.03942800224195724	0
239	0.01971400112097862	0.9605762666049719	0.03942373339502821	0
240	0.019711866697514104	0.9605804491782325	0.039419550821767506	0
241	0.019709775410883753	0.9605845472390828	0.03941545276091715	0
242	0.019707726380458576	0.9605885625121224	0.039411437487877635	0
243	0.019705718743938817	0.960592496686083	0.03940750331391699	0
244	0.019703751656958497	0.9605963514146019	0.03940364858539811	0
245	0.019701824292699056	0.9606001283169763	0.03939987168302369	0
246	0.019699935841511845	0.9606038289789015	0.03939617102109846	0
247	0.01969808551054923	0.9606074549531918	0.039392545046808225	0
248	0.019696272523404112	0.9606110077604846	0.03938899223951535	0
249	0.019694496119757675	0.9606144888899298	0.03938551111007016	0
250	0.01969275555503508	0.960617899799862	0.03938210020013799	0
251	0.019691050100068996	0.9606212419184585	0.039378758081541454	0
252	0.019689379040770727	0.9606245166443825	0.03937548335561745	0
253	0.019687741677808724	0.9606277253474113	0.03937227465258876	0
254	0.01968613732629438	0.9606308693690503	0.0393691306309497	0
255	0.01968456531547485	0.9606339500231345	0.03936604997686551	0
256	0.019683024988432756	0.9606369685964147	0.03936303140358525	0
257	0.019681515701792624	0.9606399263491324	0.039360073650867675	0
258	0.019680036825433837	0.96064282451558	0.03935717548442006	0
259	0.01967858774221003	0.9606456643046506	0.03935433569534938	0
260	0.01967716784767469	0.9606484469003742	0.039351553099625715	0
261	0.019675776549812857	0.9606511734624424	0.03934882653755753	0
262	0.019674413268778765	0.9606538451267215	0.03934615487327856	0
263	0.01967307743663928	0.960656463005754	0.03934353699424602	0
264	0.01967176849712301	0.9606590281892502	0.039340971810749845	0
265	0.019670485905374922	0.9606615417445672	0.03933845825543277	0
266	0.019669229127716386	0.960664004717179	0.03933599528282092	0
267	0.01966799764141046	0.9606664181311353	0.03933358186886466	0
268	0.01966679093443233	0.9606687829895104	0.03933121701048952	0
269	0.01966560850524476	0.960671100274843	0.039328899725156956	0
270	0.019664449862578478	0.9606733709495654	0.039326629050434624	0
271	0.019663314525217312	0.9606755959564239	0.03932440404357607	0
272	0.019662202021788033	0.9606777762188905	0.03932222378110952	0
273	0.01966111189055476	0.9606799126415644	0.03932008735843563	0
274	0.019660043679217816	0.9606820061105661	0.03931799388943391	0
275	0.019658996944716955	0.9606840574939223	0.0393159425060777	0
276	0.01965797125303885	0.9606860676419425	0.03931393235805747	0
277	0.019656966179028734	0.9606880373875878	0.03931196261241222	0
278	0.01965598130620611	0.9606899675468312	0.03931003245316884	0
279	0.01965501622658442	0.9606918589190108	0.03930814108098924	0
280	0.01965407054049462	0.9606937122871749	0.03930628771282504	0
281	0.01965314385641252	0.9606955284184202	0.03930447158157971	0
282	0.019652235790789854	0.960697308064222	0.03930269193577789	0
283	0.019651345967888947	0.9606990519607581	0.03930094803924186	0
284	0.01965047401962093	0.9607007608292252	0.03929923917077486	0
285	0.01964961958538743	0.9607024353761487	0.03929756462385121	0
286	0.019648782311925603	0.9607040762936869	0.03929592370631306	0
287	0.01964796185315653	0.9607056842599264	0.03929431574007354	0
288	0.01964715787003677	0.9607072599391737	0.03929274006082627	0
289	0.019646370030413134	0.960708803982239	0.039291196017761015	0
290	0.019645598008880508	0.9607103170267146	0.03928968297328541	0
291	0.019644841486642705	0.9607117996972474	0.039288200302752554	0
292	0.019644100151376277	0.9607132526058056	0.0392867473941944	0
293	0.0196433736970972	0.9607146763519393	0.03928532364806075	0
294	0.019642661824030374	0.9607160715230363	0.039283928476963784	0
295	0.019641964238481892	0.960717438694572	0.03928256130542801	0
296	0.019641280652714005	0.9607187784303546	0.039281221569645454	0
297	0.019640610784822727	0.960720091282764	0.039279908717236	0
298	0.019639954358618	0.9607213777929872	0.03927862220701283	0
299	0.019639311103506415	0.9607226384912473	0.03927736150875269	0
300	0.019638680754376345	0.9607238738970288	0.03927612610297114	0
301	0.01963806305148557	0.9607250845192977	0.03927491548070235	0
302	0.019637457740351177	0.9607262708567164	0.03927372914328365	0
303	0.019636864571641825	0.9607274333978555	0.0392725666021445	0
304	0.01963628330107225	0.9607285726214	0.039271427378599955	0
305	0.019635713689299977	0.9607296889963517	0.03927031100364837	0
306	0.019635155501824184	0.9607307829822267	0.0392692170177734	0
307	0.0196346085088867	0.96073185502925	0.039268144970750096	0
308	0.019634072485375048	0.960732905578545	0.03926709442145507	0
309	0.019633547210727534	0.9607339350623195	0.03926606493768056	0
310	0.01963303246884028	0.9607349439040475	0.03926505609595249	0
311	0.019632528047976244	0.9607359325186479	0.039264067481352145	0
312	0.019632033740676073	0.9607369013126583	0.03926309868734173	0
313	0.019631549343670864	0.9607378506844066	0.039262149315593395	0
314	0.019631074657796697	0.9607387810241781	0.03926121897582196	0
315	0.01963060948791098	0.960739692714379	0.03926030728562098	0
316	0.01963015364281049	0.9607405861296977	0.03925941387030229	0
317	0.019629706935151144	0.9607414616372612	0.039258538362738855	0
318	0.019629269181369428	0.9607423195967891	0.039257680403210864	0
319	0.019628840201605432	0.960743160360745	0.039256839639255	0
320	0.0196284198196275	0.9607439842744832	0.03925601572551687	0
321	0.019628007862758434	0.9607447916763936	0.039255208323606426	0
322	0.019627604161803213	0.9607455828980436	0.03925441710195645	0
323	0.019627208550978225	0.9607463582643162	0.039253641735683846	0
324	0.019626820867841923	0.9607471180935462	0.039252881906453915	0
325	0.019626440953226958	0.9607478626976527	0.03925213730234734	0
326	0.01962606865117367	0.9607485923822701	0.03925140761772995	0
327	0.019625703808864976	0.9607493074468748	0.03925069255312519	0
328	0.019625346276562594	0.9607500081849109	0.039249991815089126	0
329	0.019624995907544563	0.9607506948839118	0.039249305116088144	0
330	0.019624652558044072	0.960751367825621	0.03924863217437906	0
331	0.01962431608718953	0.9607520272861082	0.039247972713891716	0
332	0.019623986356945858	0.960752673535886	0.03924732646411406	0
333	0.01962366323205703	0.9607533068400205	0.039246693159979466	0
334	0.019623346579989733	0.9607539274582435	0.03924607254175649	0
335	0.019623036270878243	0.9607545356450592	0.03924546435494075	0
336	0.019622732177470376	0.9607551316498508	0.03924486835014917	0
337	0.019622434175074584	0.9607557157169837	0.03924428428301626	0
338	0.01962214214150813	0.9607562880859073	0.03924371191409262	0
339	0.01962185595704631	0.9607568489912546	0.039243151008745425	0
340	0.019621575504372712	0.960757398662939	0.03924260133706104	0
341	0.01962130066853052	0.9607579373262505	0.03924206267374957	0
342	0.019621031336874786	0.9607584652019486	0.039241534798051377	0
343	0.019620767399025688	0.9607589825063545	0.039241017493645496	0
344	0.019620508746822748	0.9607594894514401	0.03924051054855993	0
345	0.019620255274279966	0.9607599862449162	0.03924001375508379	0
346	0.019620006877541896	0.9607604730903188	0.03923952690968119	0
347	0.019619763454840594	0.960760950187093	0.03923904981290694	0
348	0.01961952490645347	0.960761417730676	0.03923858226932395	0
349	0.019619291134661977	0.9607618759125777	0.039238124087422284	0
350	0.019619062043711142	0.9607623249204601	0.03923767507953988	0
351	0.01961883753976994	0.9607627649382151	0.03923723506178491	0
352	0.019618617530892456	0.9607631961460403	0.039236803853959716	0
353	0.019618401926979858	0.9607636187205137	0.03923638127948623	0
354	0.019618190639743113	0.9607640328346669	0.039235967165333	0
355	0.0196179835826665	0.9607644386580564	0.039235561341943656	0
356	0.019617780670971828	0.9607648363568332	0.039235163643166836	0
357	0.019617581821583418	0.9607652260938125	0.03923477390618751	0
358	0.019617386953093754	0.9607656080285403	0.03923439197145976	0
359	0.01961719598572988	0.9607659823173591	0.039234017682640863	0
360	0.019617008841320432	0.9607663491134733	0.03923365088652676	0
361	0.01961682544326338	0.9607667085670112	0.0392332914329888	0
362	0.0196166457164944	0.9607670608250882	0.0392329391749118	0
363	0.0196164695874559	0.9607674060318667	0.03923259396813331	0
364	0.019616296984066656	0.9607677443286159	0.0392322556713842	0
365	0.0196161278356921	0.9607680758537697	0.03923192414623032	0
366	0.01961596207311516	0.9607684007429845	0.03923159925701549	0
367	0.019615799628507746	0.9607687191291945	0.039231280870805546	0
368	0.019615640435402773	0.9607690311426665	0.03923096885733352	0
369	0.01961548442866676	0.960769336911054	0.039230663088946	0
370	0.019615331544473	0.9607696365594495	0.03923036344055051	0
371	0.019615181720275255	0.960769930210436	0.03923006978956398	0
372	0.01961503489478199	0.9607702179841378	0.03922978201586228	0
373	0.01961489100793114	0.9607704999982692	0.03922950000173072	0
374	0.01961475000086536	0.9607707763681844	0.03922922363181561	0
375	0.019614611815907804	0.9607710472069232	0.039228952793076755	0
376	0.019614476396538377	0.9607713126252589	0.03922868737474095	0
377	0.019614343687370476	0.9607715727317436	0.03922842726825639	0
378	0.019614213634128196	0.960771827632752	0.03922817236724799	0
379	0.019614086183623994	0.9607720774325264	0.03922792256747365	0
380	0.019613961283736825	0.9607723222332186	0.03922767776678135	0
381	0.019613838883390675	0.9607725621349329	0.039227437865067175	0
382	0.019613718932533587	0.9607727972357659	0.03922720276423412	0
383	0.01961360138211706	0.9607730276318482	0.039226972368151786	0
384	0.019613486184075893	0.9607732534173832	0.03922674658261683	0
385	0.019613373291308415	0.9607734746846858	0.039226525315314294	0
386	0.019613262657657147	0.9607736915242203	0.039226308475779625	0
387	0.019613154237889813	0.9607739040246385	0.039226095975361516	0
388	0.019613047987680758	0.9607741122728145	0.03922588772718551	0
389	0.019612943863592754	0.9607743163538818	0.03922568364611827	0
390	0.019612841823059134	0.9607745163512674	0.03922548364873262	0
391	0.01961274182436631	0.9607747123467267	0.039225287653273336	0
392	0.019612643826636668	0.9607749044203766	0.03922509557962349	0
393	0.019612547789811745	0.9607750926507285	0.03922490734927163	0
394	0.019612453674635814	0.9607752771147205	0.03922472288527949	0
395	0.019612361442639746	0.9607754578877495	0.03922454211225046	0
396	0.01961227105612523	0.9607756350437014	0.03922436495629858	0
397	0.01961218247814929	0.9607758086549817	0.039224191345018276	0
398	0.019612095672509138	0.9607759787925454	0.03922402120745462	0
399	0.01961201060372731	0.9607761455259257	0.03922385447407421	0
400	0.019611927237037106	0.9607763089232633	0.039223691076736664	0
401	0.019611845538368332	0.9607764690513334	0.039223530948666645	0
402	0.019611765474333322	0.9607766259755735	0.03922337402442648	0
403	0.01961168701221324	0.9607767797601107	0.039223220239889334	0
404	0.019611610119944667	0.9607769304677871	0.039223069532212884	0
405	0.019611534766106442	0.9607770781601864	0.03922292183981359	0
406	0.019611460919906794	0.9607772228976587	0.03922277710234138	0
407	0.01961138855117069	0.960777364739345	0.03922263526065498	0
408	0.01961131763032749	0.9607775037432024	0.03922249625679762	0
409	0.01961124812839881	0.9607776399660267	0.03922236003397329	0
410	0.019611180016986644	0.9607777734634766	0.03922222653652348	0
411	0.01961111326826174	0.9607779042900957	0.039222095709904314	0
412	0.019611047854952157	0.9607780324993358	0.03922196750066428	0
413	0.01961098375033214	0.9607781581435778	0.039221841856422246	0
414	0.019610920928211123	0.960778281274154	0.039221718725846046	0
415	0.019610859362923023	0.9607784019413685	0.039221598058631416	0
416	0.019610799029315708	0.9607785201945186	0.039221479805481435	0
417	0.019610739902740718	0.9607786360819137	0.03922136391808626	0
418	0.01961068195904313	0.9607787496508966	0.03922125034910341	0
419	0.019610625174551706	0.9607788609478617	0.03922113905213832	0
420	0.01961056952606916	0.9607789700182747	0.039221029981725344	0
421	0.019610514990862672	0.9607790769066908	0.039220923093309185	0
422	0.019610461546654592	0.9607791816567735	0.039220818343226584	0
423	0.019610409171613292	0.9607792843113115	0.039220715688688484	0
424	0.019610357844344242	0.9607793849122375	0.0392206150877625	0
425	0.01961030754388125	0.9607794835006443	0.03922051649935574	0
426	0.01961025824967787	0.960779580116802	0.03922041988319798	0
427	0.01961020994159899	0.9607796748001748	0.0392203251998252	0
428	0.0196101625999126	0.9607797675894366	0.03922023241056341	0
429	0.019610116205281705	0.9607798585224872	0.03922014147751282	0
430	0.01961007073875641	0.9607799476364677	0.039220052363532334	0
431	0.019610026181766167	0.9607800349677756	0.03921996503222435	0
432	0.019609982516112175	0.9607801205520802	0.03921987944791986	0
433	0.01960993972395993	0.9607802044243362	0.039219795575663845	0
434	0.019609897787831922	0.9607802866187991	0.039219713381200984	0
435	0.019609856690600492	0.9607803671690384	0.03921963283096162	0
436	0.01960981641548081	0.9607804461079519	0.039219553892048065	0
437	0.019609776946024032	0.9607805234677789	0.03921947653222107	0
438	0.019609738266110534	0.9607805992801134	0.03921940071988671	0
439	0.019609700359943354	0.9607806735759167	0.03921932642408339	0
440	0.019609663212041696	0.9607807463855307	0.039219253614469235	0
441	0.019609626807234617	0.9607808177386904	0.03921918226130965	0
442	0.019609591130654826	0.9607808876645348	0.03921911233546515	0
443	0.019609556167732575	0.9607809561916205	0.03921904380837945	0
444	0.019609521904189724	0.9607810233479323	0.03921897665206781	0
445	0.019609488326033906	0.9607810891608944	0.03921891083910554	0
446	0.01960945541955277	0.9607811536573831	0.039218846342616805	0
447	0.019609423171308402	0.9607812168637364	0.03921878313626365	0
448	0.019609391568131827	0.9607812788057647	0.03921872119423522	0
449	0.01960936059711761	0.9607813395087628	0.0392186604912372	0
450	0.0196093302456186	0.9607813989975185	0.039218601002481444	0
451	0.019609300501240722	0.9607814572963241	0.039218542703675904	0
452	0.019609271351837952	0.9607815144289854	0.03921848557101462	0
453	0.01960924278550731	0.9607815704188318	0.039218429581168064	0
454	0.019609214790584032	0.9607816252887265	0.03921837471127355	0
455	0.019609187355636774	0.9607816790610741	0.03921832093892588	0
456	0.01960916046946294	0.9607817317578318	0.039218268242168224	0
457	0.019609134121084112	0.9607817834005169	0.039218216599483116	0
458	0.019609108299741558	0.9607818340102163	0.039218165989783664	0
459	0.019609082994891832	0.9607818836075951	0.03921811639240493	0
460	0.019609058196202466	0.9607819322129045	0.039218067787095474	0
461	0.019609033893547737	0.960781979845991	0.039218020154009096	0
462	0.019609010077004548	0.9607820265263033	0.03921797347369671	0
463	0.019608986736848355	0.9607820722729017	0.039217927727098374	0
464	0.019608963863549187	0.9607821171044645	0.03921788289553556	0
465	0.01960894144776778	0.9607821610392966	0.03921783896070344	0
466	0.01960891948035172	0.9607822040953364	0.03921779590466346	0
467	0.01960889795233173	0.960782246290164	0.03921775370983601	0
468	0.019608876854918005	0.9607822876410068	0.0392177123589932	0
469	0.0196088561794966	0.9607823281647482	0.03921767183525184	0
470	0.01960883591762592	0.9607823678779335	0.03921763212206657	0
471	0.019608816061033284	0.960782406796777	0.03921759320322303	0
472	0.019608796601611515	0.9607824449371687	0.039217555062831304	0
473	0.019608777531415652	0.9607824823146807	0.03921751768531939	0
474	0.019608758842659696	0.9607825189445731	0.039217481055426835	0
475	0.019608740527713418	0.9607825548418015	0.03921744515819852	0
476	0.01960872257909926	0.9607825900210215	0.03921740997897853	0
477	0.019608704989489266	0.9607826244965958	0.03921737550340418	0
478	0.01960868775170209	0.9607826582825999	0.039217341717400114	0
479	0.019608670858700057	0.9607826913928275	0.03921730860717262	0
480	0.01960865430358631	0.9607827238407961	0.03921727615920391	0
481	0.019608638079601955	0.9607827556397533	0.03921724436024667	0
482	0.019608622180123336	0.9607827868026814	0.03921721319731861	0
483	0.019608606598659303	0.9607828173423029	0.03921718265769715	0
484	0.019608591328848575	0.9607828472710858	0.03921715272891427	0
485	0.019608576364457134	0.9607828766012486	0.03921712339875137	0
486	0.019608561699375686	0.9607829053447657	0.03921709465523429	0
487	0.019608547327617146	0.9607829335133716	0.03921706648662844	0
488	0.01960853324331422	0.9607829611185661	0.03921703888143396	0
489	0.01960851944071698	0.960782988171619	0.039217011828381075	0
490	0.019608505914190538	0.9607830146835745	0.03921698531642546	0
491	0.01960849265821273	0.9607830406652562	0.03921695933474373	0
492	0.019608479667371864	0.9607830661272709	0.03921693387272904	0
493	0.01960846693636452	0.9607830910800134	0.039216908919986714	0
494	0.019608454459993357	0.9607831155336699	0.03921688446633005	0
495	0.019608442233165026	0.9607831394982239	0.0392168605017761	0
496	0.01960843025088805	0.9607831629834583	0.03921683701654165	0
497	0.019608418508270824	0.9607831859989608	0.03921681400103917	0
498	0.019608407000519586	0.960783208554127	0.03921679144587296	0
499	0.01960839572293648	0.9607832306581648	0.03921676934183524	0
